20
18



3 3 3 3 3 3 3 3 3 3 3 3 3 3 5 16 11 10 
4 4 4 4 4 4 4 4 4 4 4 4 4 4 4 15 11 4 
5 5 5 5 5 5 5 5 5 5 5 5 5 5 5 13 17 8 
6 6 6 6 6 6 6 6 6 6 6 6 6 6 6 6 3 17 
7 7 7 7 7 7 7 7 7 7 7 7 7 7 7 7 7 18 
8 8 8 8 8 8 8 8 8 8 5 8 4 19 6 3 6 3 
9 9 9 9 9 9 9 9 9 9 9 9 9 9 9 9 9 8 
10 10 10 10 10 10 10 10 10 10 10 10 10 8 18 8 10 14 
11 11 11 11 11 11 11 11 11 11 11 11 11 11 11 11 14 10 
12 12 12 12 12 12 12 12 12 12 12 12 12 12 12 12 12 8 
13 13 13 13 13 13 13 13 13 13 13 13 13 13 13 13 13 3 
14 14 14 14 14 14 14 14 14 14 14 14 14 14 14 14 7 8 
15 15 15 15 15 15 15 15 15 15 15 15 15 15 15 15 15 4 
16 16 16 16 16 16 16 16 16 16 16 16 16 16 16 16 16 10 
17 17 17 17 17 17 17 17 17 17 17 17 17 17 17 17 12 5 
18 18 18 18 18 18 18 18 18 18 18 18 18 18 18 18 10 8 
19 19 19 19 19 19 19 19 19 19 19 19 19 19 19 19 19 9 
